15,3,3128,4,38880,1069,96,0,11,2291,1835,25,220,257,0,1331,362513,874,20,40058,481,432,456117,188,\N
17,1,885,12,3036,766,299,0,9,23,7,3,137,218,88,1461,231361,0,16,2934,569,273,66076,14,\N
19,2,2932,6,6814,1347,220,0,14,650,0,12,159,126,0,154,103611,1295,20,10202,888,682,3688343,2972571,\N
20,3,12239,8,53992,1069,25,0,12,4592,42086,7,53,241,957,7140,71880494,529186,20,25984,231,148,24410,441,\N
32,1,17046,4,16841,244,15,0,14,13115,2990289,11,160,269,0,3863,52382229,13632132,20,15244,945,214,132002,25,\N
38,0,0,4,2286,567,264,0,2,108,0,12,106,275,3,3078,4216000,36758,17,3415,964,3334,17528663,277912,\N
39,3,1654,7,26629,1023,48,0,11,3572,37864,185,7800,346,1329,81,17015,45,20,30061,325,116,41526,15,\N
73,0,0,4,2331,322,158,0,2,66,0,12,106,275,3,3078,4216000,36758,17,3413,1087,14415,134217727,143165576,\N
77,2,-12,2,4688,97,20,0,14,2438,43350,3,6,38,8,6333,40106889,0,15,5511,320,186,36376,280,\N
103,1,7074,2,5887,106,18,0,12,3987,16953,21,215,265,4,1650,691069,551,20,6376,168,300,84428,569,\N
104,2,1087,4,3421,784,345,0,2,26,0,10,69,296,97,5209,11308444,523778,20,4285,330,659,634898,19445,\N
121,0,0,4,2399,472,208,0,2,3,0,12,106,275,3,3078,4216000,36758,17,3385,1030,9792,134217727,143165576,\N
130,1,797,12,3039,773,297,0,8,18,1,3,136,218,88,1471,221841,0,16,2957,555,271,68298,14,\N
156,2,6150,3,13265,598,184,0,14,3959,102407,11,88,266,80,3137,582342,2269,12,17020,1042,1350,2305201,646,\N
160,0,0,4,2366,372,181,0,2,99,0,12,106,275,3,3078,4216000,36758,17,3349,706,3505,82722833,22721664,\N
167,0,0,4,2321,471,217,0,2,26,0,12,106,275,3,3078,4216000,36758,17,3438,730,2229,21127170,2278857,\N
172,1,649,12,2984,769,307,0,11,21,1,3,133,243,88,1578,794772,0,15,1253,376,289,75352,14,\N
181,0,0,4,2333,356,153,0,2,28,0,12,106,275,3,3078,4216000,36758,17,3390,1010,3098,6815256,70037,\N
183,2,2937,6,6623,1347,229,0,14,649,0,5,158,126,0,820,400553,78,6,5689,562,337,44566,4,\N
185,2,1758,6,5530,1419,253,0,1,0,0,5,161,126,0,794,356438,54,5,4039,527,367,120659,2,\N
198,2,2938,6,6922,1357,219,0,14,650,0,5,159,126,0,798,352934,49,7,5995,572,402,146607,2,\N
226,2,1761,6,5531,1425,255,0,1,0,0,5,145,126,0,1095,1206775,1590,5,4427,582,384,135591,2,\N
238,3,1506,5,3157,586,327,0,12,2360,55351,1,0,0,0,0,0,0,5,2724,586,538,679808,18,\N
243,0,0,4,2383,307,147,0,2,109,0,12,106,275,3,3078,4216000,36758,17,3354,969,6069,131563923,19948153,\N
245,3,3149,5,7633,253,59,0,6,3972,1384186,14,112,272,23,2590,1333851,4015,20,8577,311,227,93038,52,\N
248,2,959,4,4446,593,216,0,2,8,0,104,268,258,2,1304,395468,210417,20,3834,116,268,68427,7990,\N
257,3,1711,2,1692,204,120,0,14,286,2846,1,0,0,0,0,0,0,1,0,0,0,0,0,\N
307,0,0,4,2308,393,176,0,2,87,0,12,106,275,3,3078,4216000,36758,17,3388,676,2721,10745755,313232,\N
337,3,4254,4,8736,913,141,0,11,2122,2463,40,374,256,11,205,76465,309,20,16786,550,120,35093,26,\N
338,2,2937,6,6622,1363,235,0,14,649,0,5,160,126,0,793,352473,57,6,4143,528,326,127457,8,\N
356,2,2938,6,6724,1368,230,0,14,649,0,5,159,126,0,798,352934,49,6,4242,531,353,67139,4,\N
369,3,5074,4,6310,243,59,0,11,2852,27275,22,191,262,111,1564,394679,1417,20,12676,135,301,109228,175,\N
376,0,0,4,2382,394,171,0,2,147,0,12,106,275,3,3078,4216000,36758,17,3332,964,4883,40574326,473291,\N
377,0,0,4,2258,367,160,0,2,67,0,12,106,275,3,3078,4216000,36758,17,3371,1204,4608,36931437,3565030,\N
389,1,700,12,2983,769,308,0,11,15,0,3,132,278,88,1864,784110,0,16,3148,610,281,71491,15,\N
390,1,2487,3,1400,674,547,0,3,1076,240100,12,115,264,0,3000,4603115,3230,20,1479,696,305,28786,48,\N
392,1,7133,2,5596,100,17,0,10,3872,53429,64,888,258,30,488,147423,332,20,6308,95,158,15131,40,\N
404,0,0,4,2320,328,148,0,2,85,0,12,106,275,3,3078,4216000,36758,17,3395,949,5086,51799523,5379354,\N
417,3,947,6,8673,967,130,0,11,2056,498,49,672,255,0,786,1590819,1384236,20,8719,134,451,525057,55998,\N
432,2,2940,6,6827,1364,224,0,14,650,0,5,160,126,0,797,354434,49,7,5898,579,296,69397,3,\N
450,2,-2,2,2536,75,29,0,8,839,2070,97,110,207,2,2006,909768,492566,20,4083,111,469,422576,419125,\N
453,0,0,4,2267,375,174,0,2,75,0,12,106,275,3,3078,4216000,36758,17,3316,797,6381,134217727,143165576,\N
466,1,921,12,2962,771,311,0,11,16,0,3,135,279,88,1832,728462,0,16,3137,603,279,72989,16,\N
470,2,351,12,4499,765,297,0,14,43,5,3,134,243,88,1658,332929,0,15,1243,378,292,72147,15,\N
476,0,0,4,2341,483,230,0,2,118,0,12,106,275,3,3078,4216000,36758,17,3391,765,3459,24960941,7406542,\N
480,1,15887,2,5366,76,14,0,12,3267,14838,45,748,258,1,358,62874,30,20,6403,407,193,30395,23,\N
492,2,2932,6,6914,1356,219,0,14,649,0,5,160,126,0,797,354434,49,6,5981,571,320,53590,2,\N
493,2,-729,2,615,89,144,0,2,48,0,8,53,261,30,11617,306783378,345954495,17,5207,237,380,358471,2061,\N
500,1,829,12,3145,765,288,0,11,25,3,3,145,216,88,1372,300304,0,16,3086,554,265,68423,14,\N
548,0,0,4,2333,467,223,0,2,6,0,12,106,275,3,3078,4216000,36758,17,3393,931,2530,4918558,31432,\N
0,3,5005,4,9200,564,117,0,14,4161,29635,15,493,266,4,713,281890,1170,19,10109,456,620,553152,515,\N
1,3,4116,3,6735,297,120,0,8,2359,40000,13,264,270,8,1345,1398392,2125,20,11124,149,159,22840,42,\N
2,3,4985,3,8848,309,68,0,8,3165,22449,36,272,255,0,961,278887,6913,20,12680,759,287,209074,87,\N
3,3,1682,3,5592,298,140,0,11,2815,32539,24,377,258,3,677,137224,177,20,8853,527,219,80247,40,\N
4,3,8726,3,13886,263,48,0,11,5635,139816,56,1080,258,13,249,21636,46,20,22941,190,102,4122,12,\N
5,3,3764,3,6492,287,87,0,10,2357,7807,28,472,267,0,587,153129,171,20,9873,243,211,46117,45,\N
6,3,1536,11,533215,1838,190,0,14,524926,165191049,24,215,262,183,1474,575896,1075,20,533902,249,238,42708,130,\N
7,3,3722,3,11959,278,77,0,9,4401,280674,40,357,258,0,808,381657,76529,20,18563,490,133,19941,65,\N
8,3,8107,3,13670,304,23,0,14,10300,1770670,25,247,260,7,1351,279689,560,20,18264,235,254,71184,5022,\N
9,3,8618,3,10453,311,29,0,14,4886,237441,13,97,287,2,2984,3007137,2598,16,20592,663,657,283137,205,\N
10,3,8030,3,14843,268,18,0,14,6012,440700,15,241,257,3,1119,255752,2115,16,16104,909,482,351533,315,\N
11,3,2102,3,13800,280,64,0,13,8096,298563,39,303,252,23,832,214728,824,20,19281,270,113,7318,66,\N
12,3,5171,4,10844,335,65,0,12,4361,49979,11,162,261,8,1603,327155,537,20,14132,273,288,201912,226,\N
13,2,2203,3,4498,371,124,0,12,1775,14632,6,90,261,8,2938,1581338,987,15,7849,650,1045,1017770,1462,\N
14,2,4343,4,9408,495,160,0,14,4296,46488,16,241,270,148,1146,578660,1986,20,12215,521,160,39261,48,\N
16,3,4737,4,19935,719,70,0,14,6017,175984,52,415,255,45,710,581298,369579,20,28290,1085,293,671680,1180,\N
18,3,3327,3,5369,280,120,0,13,2647,24356,73,724,260,5,501,142582,8174,20,9148,248,277,48394,384,\N
21,3,3532,3,5012,272,102,0,6,6671,1449856,26,256,261,0,1630,6334856,779256,20,7114,942,972,1773893,3318,\N
22,3,3350,3,12343,307,43,0,14,5967,133080,15,230,259,69,1138,750645,1010,20,13893,469,201,49013,44,\N
23,3,8402,3,31774,394,62,0,14,10323,655851,65,624,266,261,625,352405,28183,20,39039,792,479,361821,5810,\N
24,3,9060,3,15367,261,16,0,14,9080,896501,44,343,258,51,753,165674,323,20,19624,813,434,210457,286,\N
25,3,2966,5,6072,464,89,0,2,2208,0,62,503,257,0,527,267250,203,20,9168,515,431,246183,289,\N
26,3,3604,4,12203,468,130,0,14,3893,75244,21,296,257,79,849,655845,2507,9,13915,259,183,69491,24,\N
27,3,21107,3,32664,436,60,0,14,4215,68251,21,159,263,0,1695,1213402,3185,20,33231,340,443,217560,457,\N
28,3,5728,3,8634,286,32,0,2,58,0,56,503,258,13,920,2031310,1221391,20,12076,246,170,68057,47,\N
29,2,4351,6,12836,396,163,0,13,5641,121012,11,85,255,0,3219,1469590,5308,20,14132,623,481,334918,180,\N
30,3,1428,4,8540,341,83,0,13,3031,26709,7,99,229,31,2331,1310252,1790,12,9009,416,131,13345,4,\N
31,3,3021,3,8333,264,108,0,14,3037,66815,53,480,255,113,614,406066,756,15,15483,792,459,221716,94,\N
33,3,2931,5,16195,634,82,0,14,7533,1706792,13,208,258,11,1365,1726426,4909,18,17642,824,979,1746621,554,\N
34,3,8357,4,20982,316,51,0,11,3592,27517,26,415,267,7,640,75006,186,20,12852,237,167,80984,24,\N
35,3,3720,4,5480,316,74,0,2,334,0,44,455,263,0,710,1828750,189642,20,10777,247,146,11367,80,\N
36,3,22237,4,15438,431,61,0,13,7788,83366,74,800,266,92,449,86578,884,20,62353,1649,540,1812200,2933,\N
37,3,7198,2,11666,227,19,0,14,4524,101409,53,436,257,0,569,74628,1256,20,14618,305,275,74793,1922,\N
40,3,6077,4,22967,398,11,0,14,7719,1079168,19,144,262,0,1819,987404,1180,20,23631,734,888,1785341,449,\N
41,3,4447,4,10435,595,108,0,13,4416,35415,10,162,292,0,2278,2008823,14625,12,11893,353,467,214479,189,\N
42,3,5421,3,6684,293,56,0,8,1395,12850,31,560,258,25,454,149105,261,20,13623,373,320,350476,89,\N
43,3,4709,4,27212,373,37,0,14,3971,23603,18,488,259,2,740,1638323,68910,20,32992,336,145,44888,14,\N
44,3,18040,2,28125,216,7,0,14,10233,2765802,24,395,266,0,691,90724,97,20,33220,764,866,3916857,914,\N
45,3,6198,3,8350,289,94,0,12,4069,44413,21,316,259,2,1328,1459006,46092,20,16965,422,275,102979,1334,\N
46,3,1495,3,11455,259,68,0,4,10057,22195644,14,111,258,108,3174,9286142,219855,20,12097,974,1430,12233483,7039,\N
47,3,3456,3,8887,256,61,0,11,4437,211094,7,99,286,2680,2841,5781273,20115,15,17522,1168,1019,3488749,2194,\N
48,3,5703,4,21882,431,115,0,14,16286,2268903,26,191,258,29,1519,1729580,99730,20,25335,553,882,1436958,6685,\N
49,2,3327,3,8138,127,29,0,10,2991,144398,82,1239,258,81,390,65746,556,20,8863,238,268,232277,1635,\N
50,3,8773,3,11661,423,70,0,9,5394,147953,53,556,258,16,628,230060,2767,20,15100,359,261,122514,296,\N
51,2,8671,3,18878,120,27,0,14,8047,797712,27,432,260,0,606,130137,181,20,20508,405,210,195420,65,\N
52,3,5287,4,21208,415,55,0,14,6203,37052,56,448,259,0,589,216125,528,20,29880,297,163,13392,220,\N
53,3,1707,3,9777,290,76,0,12,4254,70804,18,311,262,35,941,437898,130,20,12084,1004,501,257577,62,\N
54,3,4861,4,8736,278,49,0,8,3583,130934,41,670,257,8,386,52161,32,20,13043,474,534,1244663,1061,\N
55,3,6499,6,51654,423,17,0,13,49203,43093422,16,257,275,7,1074,530498,358,20,57580,259,115,30374,1097,\N
56,3,1700,3,8963,280,81,0,10,3963,93159,36,281,256,3,1389,1847698,1616888,20,11102,1145,652,2273393,38443,\N
