15,3,-5,4,0,4,12960,1
17,1,323,12,0,12,276,1
19,2,2932,6,0,6,1362,1
20,3,-1,8,0,8,7713,1
32,1,16841,4,0,4,5613,1
38,0,0,4,0,4,762,1
39,3,-1466,7,0,7,4438,1
73,0,0,4,0,4,777,1
77,2,-12,2,0,2,4688,1
103,1,5886,2,0,2,5887,1
104,2,1087,4,0,4,1140,1
121,0,0,4,0,4,799,1
130,1,307,12,0,12,276,1
156,2,6150,3,0,3,6632,1
160,0,0,4,0,4,788,1
167,0,0,4,0,4,773,1
172,1,309,12,0,12,271,1
181,0,0,4,0,4,777,1
183,2,2937,6,0,6,1324,1
185,2,1758,6,0,6,1106,1
198,2,2938,6,0,6,1384,1
226,2,1761,6,0,6,1106,1
238,3,938,5,0,5,789,1
243,0,0,4,0,4,794,1
245,3,498,5,0,5,1908,1
248,2,959,4,0,4,1482,1
257,3,559,2,0,2,1692,1
307,0,0,4,0,4,769,1
337,3,-10,4,0,4,2912,1
338,2,2937,6,0,6,1324,1
356,2,2938,6,0,6,1344,1
369,3,2099,4,0,4,2103,1
376,0,0,4,0,4,794,1
377,0,0,4,0,4,752,1
389,1,298,12,0,12,271,1
390,1,832,3,0,3,700,1
392,1,5580,2,0,2,5596,1
404,0,0,4,0,4,773,1
417,3,-1,6,0,6,1734,1
432,2,2940,6,0,6,1365,1
450,2,-2,2,0,2,2536,1
453,0,0,4,0,4,755,1
466,1,296,12,0,12,269,1
470,2,351,12,0,12,409,1
476,0,0,4,0,4,780,1
480,1,5366,2,0,2,5366,1
492,2,2932,6,0,6,1382,1
493,2,-729,2,0,2,615,1
500,1,324,12,0,12,285,1
548,0,0,4,0,4,777,1
0,3,2621,4,0,4,3066,0
1,3,2241,3,0,3,3367,0
2,3,2942,3,0,3,4424,0
3,3,218,3,0,3,2796,0
4,3,4625,3,0,3,6943,0
5,3,2159,3,0,3,3246,0
6,3,-172746,11,0,11,53321,0
7,3,463,3,0,3,5979,0
8,3,4549,3,0,3,6835,0
9,3,3479,3,0,3,5226,0
10,3,4937,3,0,3,7421,0
11,3,-122,3,0,3,6900,0
12,3,3313,4,0,4,3614,0
13,2,2203,3,0,3,2249,0
14,2,4343,4,0,4,3136,0
16,3,-2,4,0,4,6645,0
18,3,1787,3,0,3,2684,0
21,3,699,3,0,3,2506,0
22,3,867,3,0,3,6171,0
23,3,4703,3,0,3,15887,0
24,3,5121,3,0,3,7683,0
25,3,983,5,0,5,1518,0
26,3,2678,4,0,4,4067,0
27,3,10174,3,0,3,16332,0
28,3,2873,3,0,3,4317,0
29,2,4351,6,0,6,2567,0
30,3,318,4,0,4,2846,0
31,3,294,3,0,3,4166,0
33,3,369,5,0,5,4048,0
34,3,6991,4,0,4,6994,0
35,3,389,4,0,4,1826,0
36,3,5141,4,0,4,5146,0
37,3,3880,2,0,2,11666,0
40,3,1434,4,0,4,7655,0
41,3,2614,4,0,4,3478,0
42,3,2216,3,0,3,3342,0
43,3,569,4,0,4,9070,0
44,3,9358,2,0,2,28125,0
45,3,2781,3,0,3,4175,0
46,3,-1147,3,0,3,5727,0
47,3,-3,3,0,3,4443,0
48,3,4186,4,0,4,7294,0
49,2,3327,3,0,3,4069,0
50,3,3792,3,0,3,5830,0
51,2,8671,3,0,3,9439,0
52,3,708,4,0,4,7069,0
53,3,483,3,0,3,4888,0
54,3,2908,4,0,4,2912,0
55,3,4183,6,0,6,10330,0
56,3,395,3,0,3,4481,0
